1
2
4
6
7
8
9
10
11
12
13
14
15
16
17
18
19
20
21
22
23
24
25
26
27
28
32
33
34
76
77
78
79
80
81
87
112
163
164
165
188
189
220
245
311
322
342
443
621
623
635
636
661
680
681
683
684
693
701
702
703
716
717
718
719
720
721
723
724
730
732
736
743
744
745
746
748
751
752
753
754
755
758
760
761
762
763
764
815
826
831
835
882
1118
1140
1147
1152
1156
1189
1230
1231
1232
1245
1246
1247
1282
1283
1285
1305
1306
1312
1313
1318
1319
1320
1401
1407
1419
1452
1456
1458
1460
1461
1463
1475
1476
1478
1479
1480
1483
1485
1488
1489
1490
1491
1492
1493
1494
1495
1497
1505
1506
1507
1508
1509
1511
1512
1513
1514
1516
1517
1518
1519
1521
1522
1523
1524
1525
1526
1528
1529
1530
1553
1577
1581
1590
1593
1597
1598
1603
1608
1610
1611
1633
1634
1635
1637
1638
1639
1640
1642
1643
1645
1647
1648
1649
1650
1651
1652
1653
1654
1655
1656
1657
1659
1660
1661
1663
1664
1670
1675
1677
1682
1684
1685
1688
1690
1691
1693
1697
1698
1699
1700
1702
1704
1707
1708
1710
1714
1716
1724
1725
1726
1728
1731
1736
1737
1738
1739
1746
1748
1762
1763
1765
1768
1770
1771
1772
1773
1776
1777
1780
1783
1784
1785
1788
1789
1790
1791
1792
1793
1794
1795
1796
1797
1800
1801
1802
1803
1805
1806
1809
1810
1814
1815
1817
1818
1820
1821
1822
1823
1824
1825
1828
1830
1831
1833
1834
1836
1838
1839
1840
1842
1844
1845
1846
1847
1849
1850
1851
1852
1853
1863
1864
1865
1868
1869
1871
1872
1873
1899
1900
1901
1908
1909
1911
1912
1913
1914
1917
1920
1922
1924
1928
1929
1930
1936
1938
1942
1943
1979
1982
1983
1984
2017
2024
2025
2026
2027
2028
2029
2030
2031
2032
2033
2034
2035
2036
2038
2041
2042
2044
2045
2046
2047
2048
2049
2053
2054
2055
2056
2057
2059
2060
2062
2063
2075
2076
2077
2079
2080
2081
2082
2083
2084
2085
2086
2087
2088
2089
2090
2091
2092
2093
2094
2095
2096
2097
2099
2100
2101
2102
2103
2104
2106
2109
2110
2111
2112
2113
2120
2126
2127
2128
2135
2136
2137
2138
2139
2140
2141
2144
2146
2173
2175
2184
2193
2194
2196
2197
2198
2199
2201
2202
2203
2204
2205
2206
2207
2211
2212
2222
2223
2225
2226
2227
2228
2229
2267
2271
2272
2274
2275
2276
2277
2278
2279
2280
2281
2282
2283
2284
2285
2286
2287
2288
2289
2291
2292
2293
2294
2295
2301
2304
2305
2306
2351
2359
2364
2366
2368
2369
2370
2371
2372
2373
2374
2375
2376
2377
2378
2379
2380
2381
2382
2383
2385
2388
2389
2390
2391
2392
2433
2464
2469
2504
2520
2542
2543
2544
2545
2549
2638
2644
2645
2646
2649
2677
2678
2679
2750
2756
2762
2775
2848
2849
2857
2872
2931
2958
2959
